{
 "cells": [
  {
   "cell_type": "code",
   "execution_count": 50,
   "metadata": {},
   "outputs": [],
   "source": [
    "import numpy as np"
   ]
  },
  {
   "cell_type": "code",
   "execution_count": 51,
   "metadata": {},
   "outputs": [],
   "source": [
    "%run ../functions.py"
   ]
  },
  {
   "cell_type": "code",
   "execution_count": 52,
   "metadata": {},
   "outputs": [
    {
     "data": {
      "text/plain": [
       "array([[1., 0., 0.],\n",
       "       [0., 1., 0.],\n",
       "       [0., 0., 1.]])"
      ]
     },
     "execution_count": 52,
     "metadata": {},
     "output_type": "execute_result"
    }
   ],
   "source": [
    "np.eye(3)"
   ]
  },
  {
   "cell_type": "code",
   "execution_count": 53,
   "metadata": {},
   "outputs": [
    {
     "data": {
      "text/plain": [
       "array([[ 2,  7, 12],\n",
       "       [ 8,  9,  3],\n",
       "       [ 1,  5,  4]])"
      ]
     },
     "execution_count": 53,
     "metadata": {},
     "output_type": "execute_result"
    }
   ],
   "source": [
    "# mat = np.array([[1, 2], [3, 4]])\n",
    "mat = np.array(make_shape(generate_numbers(13, 9, 0), (3, 3)))\n",
    "mat"
   ]
  },
  {
   "cell_type": "code",
   "execution_count": 54,
   "metadata": {},
   "outputs": [
    {
     "data": {
      "text/plain": [
       "array([[ 2,  8,  1],\n",
       "       [ 7,  9,  5],\n",
       "       [12,  3,  4]])"
      ]
     },
     "execution_count": 54,
     "metadata": {},
     "output_type": "execute_result"
    }
   ],
   "source": [
    "mat.transpose()"
   ]
  },
  {
   "cell_type": "code",
   "execution_count": 55,
   "metadata": {},
   "outputs": [
    {
     "data": {
      "text/plain": [
       "array([[ 2,  8,  1],\n",
       "       [ 7,  9,  5],\n",
       "       [12,  3,  4]])"
      ]
     },
     "execution_count": 55,
     "metadata": {},
     "output_type": "execute_result"
    }
   ],
   "source": [
    "mat.T"
   ]
  },
  {
   "cell_type": "code",
   "execution_count": 56,
   "metadata": {},
   "outputs": [],
   "source": [
    "# A = np.array([[1, 2], [3, 4]])\n",
    "A = np.array(make_shape(generate_numbers(21, 9, 0), (3, 3)))\n"
   ]
  },
  {
   "cell_type": "code",
   "execution_count": 57,
   "metadata": {},
   "outputs": [
    {
     "data": {
      "text/plain": [
       "19"
      ]
     },
     "execution_count": 57,
     "metadata": {},
     "output_type": "execute_result"
    }
   ],
   "source": [
    "A.trace()"
   ]
  },
  {
   "cell_type": "code",
   "execution_count": 58,
   "metadata": {},
   "outputs": [
    {
     "data": {
      "text/plain": [
       "array([[723, 658, 320],\n",
       "       [619, 450, 326],\n",
       "       [740, 502, 486]])"
      ]
     },
     "execution_count": 58,
     "metadata": {},
     "output_type": "execute_result"
    }
   ],
   "source": [
    "# A = np.array([[1, 2], [3, 4]])\n",
    "# B = np.array([[-1, 1], [0, 1]])\n",
    "A = np.array(make_shape(generate_numbers(34, 9, 0), (3, 3)))\n",
    "B = np.array(make_shape(generate_numbers(21, 9, 0), (3, 3)))\n",
    "A @ B"
   ]
  },
  {
   "cell_type": "code",
   "execution_count": 59,
   "metadata": {},
   "outputs": [
    {
     "data": {
      "text/plain": [
       "array([[224,  10,  27],\n",
       "       [104,  85, 135],\n",
       "       [  0, 608, 198]])"
      ]
     },
     "execution_count": 59,
     "metadata": {},
     "output_type": "execute_result"
    }
   ],
   "source": [
    "A * B"
   ]
  },
  {
   "cell_type": "code",
   "execution_count": 60,
   "metadata": {},
   "outputs": [
    {
     "data": {
      "text/plain": [
       "array([[29., 25., 10.],\n",
       "       [11., 31.,  7.],\n",
       "       [17., 32., 26.]])"
      ]
     },
     "execution_count": 60,
     "metadata": {},
     "output_type": "execute_result"
    }
   ],
   "source": [
    "# A = np.array([[1, 2], [3, 4]])\n",
    "A = np.array(make_shape(generate_numbers(34, 9, 0), (3, 3)))\n",
    "I = np.eye(3)\n",
    "A @ I"
   ]
  },
  {
   "cell_type": "code",
   "execution_count": 61,
   "metadata": {},
   "outputs": [
    {
     "data": {
      "text/plain": [
       "10953.000000000004"
      ]
     },
     "execution_count": 61,
     "metadata": {},
     "output_type": "execute_result"
    }
   ],
   "source": [
    "from numpy import linalg\n",
    "linalg.det(A)  "
   ]
  },
  {
   "cell_type": "code",
   "execution_count": 62,
   "metadata": {},
   "outputs": [
    {
     "data": {
      "text/plain": [
       "array([[ 0.05313613, -0.03012873, -0.01232539],\n",
       "       [-0.01524696,  0.05331873, -0.00849082],\n",
       "       [-0.01597736, -0.04592349,  0.05697069]])"
      ]
     },
     "execution_count": 62,
     "metadata": {},
     "output_type": "execute_result"
    }
   ],
   "source": [
    "linalg.inv(A)"
   ]
  },
  {
   "cell_type": "code",
   "execution_count": 63,
   "metadata": {},
   "outputs": [
    {
     "data": {
      "text/plain": [
       "array([[ 1.00000000e+00,  1.11022302e-16,  1.04083409e-17],\n",
       "       [ 1.56125113e-17,  1.00000000e+00, -3.81639165e-17],\n",
       "       [ 8.32667268e-17,  0.00000000e+00,  1.00000000e+00]])"
      ]
     },
     "execution_count": 63,
     "metadata": {},
     "output_type": "execute_result"
    }
   ],
   "source": [
    "Ainv = linalg.inv(A)\n",
    "Ainv @ A"
   ]
  },
  {
   "cell_type": "code",
   "execution_count": 64,
   "metadata": {},
   "outputs": [
    {
     "data": {
      "text/plain": [
       "array([[ 1.00000000e+00,  4.16333634e-17, -5.55111512e-17],\n",
       "       [ 1.56125113e-16,  1.00000000e+00, -2.77555756e-17],\n",
       "       [ 2.15105711e-16, -6.93889390e-17,  1.00000000e+00]])"
      ]
     },
     "execution_count": 64,
     "metadata": {},
     "output_type": "execute_result"
    }
   ],
   "source": [
    "A @ Ainv"
   ]
  }
 ],
 "metadata": {
  "kernelspec": {
   "display_name": "stock_investing-VnnxBpBf",
   "language": "python",
   "name": "python3"
  },
  "language_info": {
   "codemirror_mode": {
    "name": "ipython",
    "version": 3
   },
   "file_extension": ".py",
   "mimetype": "text/x-python",
   "name": "python",
   "nbconvert_exporter": "python",
   "pygments_lexer": "ipython3",
   "version": "3.8.10"
  }
 },
 "nbformat": 4,
 "nbformat_minor": 2
}
